FreqBinStart PSD
250.500000   5.343917e-47
251.500000   5.370000e-47
252.500000   5.364567e-47
253.500000   5.368690e-47
254.500000   5.364306e-47
255.500000   5.368933e-47
256.500000   5.392878e-47
257.500000   5.411956e-47
258.500000   5.417533e-47
259.500000   5.421754e-47
260.500000   5.430801e-47
261.500000   5.448566e-47
262.500000   5.458609e-47
263.500000   5.461727e-47
264.500000   5.471828e-47
265.500000   5.480249e-47
266.500000   5.487511e-47
267.500000   5.487704e-47
268.500000   5.504188e-47
269.500000   5.516308e-47
270.500000   5.531831e-47
271.500000   5.547053e-47
272.500000   5.562322e-47
273.500000   5.616215e-47
274.500000   6.006346e-47
275.500000   5.968266e-47
276.500000   5.769605e-47
277.500000   5.662571e-47
278.500000   6.152842e-47
279.500000   6.392608e-47
280.500000   6.731707e-47
281.500000   6.557243e-47
282.500000   5.886793e-47
283.500000   5.663698e-47
284.500000   5.823411e-47
285.500000   5.848788e-47
286.500000   5.868298e-47
287.500000   5.706476e-47
288.500000   5.697060e-47
289.500000   5.709287e-47
290.500000   5.721591e-47
291.500000   5.734036e-47
292.500000   5.753891e-47
293.500000   5.768158e-47
294.500000   5.790874e-47
295.500000   5.806670e-47
296.500000   5.819789e-47
297.500000   5.849424e-47
298.500000   5.979005e-47
299.500000   6.245243e-47
300.500000   5.950746e-47
301.500000   6.041630e-47
302.500000   6.049506e-47
303.500000   5.947777e-47
304.500000   5.927040e-47
305.500000   6.135785e-47
306.500000   5.989579e-47
307.500000   5.981727e-47
308.500000   5.976988e-47
309.500000   5.984263e-47
310.500000   6.001177e-47
311.500000   6.038933e-47
312.500000   6.073938e-47
313.500000   6.120522e-47
314.500000   6.520636e-47
315.500000   6.162177e-47
316.500000   6.149100e-47
317.500000   6.159643e-47
318.500000   6.186343e-47
319.500000   6.213295e-47
320.500000   6.240554e-47
321.500000   6.268312e-47
322.500000   6.284727e-47
323.500000   6.314353e-47
324.500000   6.323892e-47
325.500000   6.361668e-47
326.500000   6.371238e-47
327.500000   6.395526e-47
328.500000   6.420278e-47
329.500000   7.034917e-47
330.500000   7.470162e-47
331.500000   7.261777e-47
332.500000   7.043728e-47
333.500000   6.591201e-47
334.500000   6.418914e-47
335.500000   6.417221e-47
336.500000   6.444741e-47
337.500000   6.427638e-47
338.500000   6.438696e-47
339.500000   6.448861e-47
340.500000   6.458842e-47
341.500000   6.473525e-47
342.500000   6.486720e-47
343.500000   6.523085e-47
344.500000   6.560637e-47
345.500000   6.567369e-47
346.500000   6.597559e-47
347.500000   6.617253e-47
348.500000   6.637758e-47
349.500000   6.661031e-47
350.500000   6.694367e-47
351.500000   6.689571e-47
352.500000   6.709452e-47
353.500000   6.726484e-47
354.500000   6.774654e-47
355.500000   6.822290e-47
356.500000   6.793135e-47
357.500000   6.810896e-47
358.500000   6.840150e-47
359.500000   6.975152e-47
360.500000   6.847111e-47
361.500000   6.840894e-47
362.500000   6.841126e-47
363.500000   6.841832e-47
364.500000   6.861177e-47
365.500000   6.872827e-47
366.500000   6.888842e-47
367.500000   6.904068e-47
368.500000   6.918379e-47
369.500000   6.925481e-47
370.500000   6.921158e-47
371.500000   6.928850e-47
372.500000   6.953836e-47
373.500000   6.970170e-47
374.500000   6.987083e-47
375.500000   7.014986e-47
376.500000   7.023449e-47
377.500000   7.046254e-47
378.500000   7.053493e-47
379.500000   7.053581e-47
380.500000   7.078064e-47
381.500000   7.074868e-47
382.500000   7.102425e-47
383.500000   7.123577e-47
384.500000   7.117215e-47
385.500000   7.142881e-47
386.500000   7.163077e-47
387.500000   7.181905e-47
388.500000   7.199406e-47
389.500000   7.211255e-47
390.500000   7.247477e-47
391.500000   7.273453e-47
392.500000   7.297193e-47
393.500000   7.315555e-47
394.500000   7.343673e-47
395.500000   7.394953e-47
396.500000   7.449273e-47
397.500000   7.500562e-47
398.500000   7.544668e-47
399.500000   7.547489e-47
400.500000   7.568586e-47
401.500000   7.586564e-47
402.500000   7.617621e-47
403.500000   7.628156e-47
404.500000   7.637425e-47
405.500000   7.631557e-47
406.500000   7.648929e-47
407.500000   7.685749e-47
408.500000   7.749650e-47
409.500000   7.791617e-47
410.500000   7.801296e-47
411.500000   7.779908e-47
412.500000   7.763463e-47
413.500000   7.759037e-47
414.500000   7.788863e-47
415.500000   7.856543e-47
416.500000   7.925702e-47
417.500000   8.115414e-47
418.500000   7.925478e-47
419.500000   7.758593e-47
420.500000   7.941699e-47
421.500000   7.961700e-47
422.500000   8.014733e-47
423.500000   8.033554e-47
424.500000   8.017613e-47
425.500000   8.014656e-47
426.500000   8.022847e-47
427.500000   8.077391e-47
428.500000   8.184049e-47
429.500000   8.086822e-47
430.500000   8.133641e-47
431.500000   8.160692e-47
432.500000   8.202291e-47
433.500000   8.273811e-47
434.500000   8.344397e-47
435.500000   8.394805e-47
436.500000   8.444311e-47
437.500000   8.498346e-47
438.500000   8.565364e-47
439.500000   8.668349e-47
440.500000   8.649313e-47
441.500000   8.704124e-47
442.500000   8.776709e-47
443.500000   8.862365e-47
444.500000   8.917612e-47
445.500000   8.916386e-47
446.500000   8.938697e-47
447.500000   8.962749e-47
448.500000   8.907379e-47
449.500000   8.808435e-47
450.500000   8.926220e-47
451.500000   8.985554e-47
452.500000   9.048751e-47
453.500000   8.975121e-47
454.500000   9.114246e-47
455.500000   1.098725e-46
456.500000   1.040130e-46
457.500000   9.026191e-47
458.500000   8.929880e-47
459.500000   8.887553e-47
460.500000   8.883254e-47
461.500000   8.919488e-47
462.500000   8.974257e-47
463.500000   8.985553e-47
464.500000   9.088322e-47
465.500000   9.095889e-47
466.500000   9.105442e-47
467.500000   9.138357e-47
468.500000   9.152936e-47
469.500000   9.166629e-47
470.500000   9.202733e-47
471.500000   9.182284e-47
472.500000   9.172863e-47
473.500000   9.164969e-47
474.500000   9.150057e-47
475.500000   9.135102e-47
476.500000   9.122818e-47
477.500000   9.127580e-47
478.500000   9.150383e-47
479.500000   9.185167e-47
480.500000   9.240315e-47
481.500000   9.268119e-47
482.500000   9.231093e-47
483.500000   9.200592e-47
484.500000   9.164340e-47
485.500000   9.172004e-47
486.500000   9.236935e-47
487.500000   9.241251e-47
488.500000   9.291194e-47
489.500000   9.363981e-47
490.500000   9.377699e-47
491.500000   9.377644e-47
492.500000   9.344164e-47
493.500000   9.320586e-47
494.500000   9.318383e-47
495.500000   9.320578e-47
496.500000   9.361068e-47
497.500000   9.484631e-47
498.500000   9.904918e-47
499.500000   1.112566e-46
500.500000   1.047015e-46
501.500000   1.080285e-46
502.500000   1.145532e-46
503.500000   1.081375e-46
504.500000   1.142804e-46
505.500000   1.165506e-46
506.500000   1.159809e-46
507.500000   1.545804e-46
508.500000   1.919518e-46
509.500000   1.791542e-46
510.500000   2.031190e-46
511.500000   2.018584e-46
512.500000   1.829033e-46
513.500000   1.531093e-46
514.500000   1.334690e-46
515.500000   1.079999e-46
516.500000   1.010140e-46
517.500000   9.866938e-47
518.500000   9.876237e-47
519.500000   9.951731e-47
520.500000   1.000909e-46
521.500000   1.009401e-46
522.500000   1.012193e-46
523.500000   1.012028e-46
524.500000   1.010081e-46
525.500000   1.007864e-46
526.500000   1.007308e-46
527.500000   1.008412e-46
528.500000   1.008812e-46
529.500000   1.011331e-46
530.500000   1.014275e-46
531.500000   1.016434e-46
532.500000   1.017969e-46
533.500000   1.021348e-46
534.500000   1.025932e-46
535.500000   1.028378e-46
536.500000   1.030001e-46
537.500000   1.034459e-46
538.500000   1.038932e-46
539.500000   1.055177e-46
540.500000   1.046660e-46
541.500000   1.051636e-46
542.500000   1.054623e-46
543.500000   1.057598e-46
544.500000   1.060438e-46
545.500000   1.060334e-46
546.500000   1.062335e-46
547.500000   1.066367e-46
548.500000   1.068143e-46
549.500000   1.083305e-46
550.500000   1.116243e-46
551.500000   1.108659e-46
552.500000   1.138828e-46
553.500000   1.195799e-46
554.500000   1.128505e-46
555.500000   1.109541e-46
556.500000   1.116182e-46
557.500000   1.137361e-46
558.500000   1.175091e-46
559.500000   1.167725e-46
560.500000   1.165269e-46
561.500000   1.174717e-46
562.500000   1.171553e-46
563.500000   1.194884e-46
564.500000   1.194057e-46
565.500000   1.184860e-46
566.500000   1.190859e-46
567.500000   1.206733e-46
568.500000   1.224818e-46
569.500000   1.241906e-46
570.500000   1.261262e-46
571.500000   1.269997e-46
572.500000   1.274235e-46
573.500000   1.270844e-46
574.500000   1.260704e-46
575.500000   1.249483e-46
576.500000   1.240036e-46
577.500000   1.228475e-46
578.500000   1.218985e-46
579.500000   1.215729e-46
580.500000   1.218834e-46
581.500000   1.234955e-46
582.500000   1.252854e-46
583.500000   1.268047e-46
584.500000   1.283868e-46
585.500000   1.289353e-46
586.500000   1.287708e-46
587.500000   1.282726e-46
588.500000   1.277582e-46
589.500000   1.266719e-46
590.500000   1.256025e-46
591.500000   1.245420e-46
592.500000   1.239067e-46
593.500000   1.231003e-46
594.500000   1.225649e-46
595.500000   1.220511e-46
596.500000   1.218404e-46
597.500000   1.218153e-46
598.500000   1.265854e-46
599.500000   1.246365e-46
600.500000   1.215181e-46
601.500000   1.214282e-46
602.500000   1.217040e-46
603.500000   1.225618e-46
604.500000   1.226223e-46
605.500000   1.227517e-46
606.500000   1.239993e-46
607.500000   1.228606e-46
608.500000   1.228572e-46
609.500000   1.233085e-46
610.500000   1.240558e-46
611.500000   1.242631e-46
612.500000   1.242424e-46
613.500000   1.244072e-46
614.500000   1.246929e-46
615.500000   1.248418e-46
616.500000   1.250925e-46
617.500000   1.255917e-46
618.500000   1.260389e-46
619.500000   1.336408e-46
620.500000   1.317867e-46
621.500000   1.266281e-46
622.500000   1.260977e-46
623.500000   1.260248e-46
624.500000   1.260070e-46
625.500000   1.261530e-46
626.500000   1.263316e-46
627.500000   1.266340e-46
628.500000   1.269233e-46
629.500000   1.293510e-46
630.500000   1.275581e-46
631.500000   1.275734e-46
632.500000   1.279322e-46
633.500000   1.283792e-46
634.500000   1.286468e-46
635.500000   1.292207e-46
636.500000   1.298892e-46
637.500000   1.304068e-46
638.500000   1.308802e-46
639.500000   1.313150e-46
640.500000   1.321462e-46
641.500000   1.328779e-46
642.500000   1.334539e-46
643.500000   1.337803e-46
644.500000   1.339444e-46
645.500000   1.343949e-46
646.500000   1.347518e-46
647.500000   1.352417e-46
648.500000   1.355084e-46
649.500000   1.356492e-46
650.500000   1.361329e-46
651.500000   1.366328e-46
652.500000   1.371738e-46
653.500000   1.372644e-46
654.500000   1.374755e-46
655.500000   1.374766e-46
656.500000   1.376471e-46
657.500000   1.379042e-46
658.500000   1.380607e-46
659.500000   1.390425e-46
660.500000   1.380754e-46
661.500000   1.387196e-46
662.500000   1.394494e-46
663.500000   1.398570e-46
664.500000   1.404324e-46
665.500000   1.412398e-46
666.500000   1.419729e-46
667.500000   1.427470e-46
668.500000   1.428454e-46
669.500000   1.437947e-46
670.500000   1.443635e-46
671.500000   1.452195e-46
672.500000   1.464846e-46
673.500000   1.471436e-46
674.500000   1.478229e-46
675.500000   1.488412e-46
676.500000   1.502343e-46
677.500000   1.510243e-46
678.500000   1.519664e-46
679.500000   1.528641e-46
680.500000   1.540348e-46
681.500000   1.551162e-46
682.500000   1.562932e-46
683.500000   1.575532e-46
684.500000   1.602405e-46
685.500000   1.603263e-46
686.500000   1.623280e-46
687.500000   1.624034e-46
688.500000   1.638817e-46
689.500000   1.632748e-46
690.500000   1.659988e-46
691.500000   1.679093e-46
692.500000   1.703606e-46
693.500000   1.787183e-46
694.500000   1.750041e-46
695.500000   1.713990e-46
696.500000   1.707025e-46
697.500000   1.702610e-46
698.500000   1.694894e-46
699.500000   1.687962e-46
700.500000   1.684731e-46
701.500000   1.687328e-46
702.500000   1.682977e-46
703.500000   1.680285e-46
704.500000   1.679029e-46
705.500000   1.679564e-46
706.500000   1.671242e-46
707.500000   1.664916e-46
708.500000   1.656315e-46
709.500000   1.647775e-46
710.500000   1.636905e-46
711.500000   1.628185e-46
712.500000   1.620488e-46
713.500000   1.612834e-46
714.500000   1.608466e-46
715.500000   1.602555e-46
716.500000   1.601434e-46
717.500000   1.597210e-46
718.500000   1.593581e-46
719.500000   1.596893e-46
720.500000   1.582752e-46
721.500000   1.580566e-46
722.500000   1.581822e-46
723.500000   1.585790e-46
724.500000   1.587801e-46
725.500000   1.587580e-46
726.500000   1.590815e-46
727.500000   1.592733e-46
728.500000   1.596151e-46
729.500000   1.597917e-46
730.500000   1.602472e-46
731.500000   1.603067e-46
732.500000   1.599357e-46
733.500000   1.596343e-46
734.500000   1.599698e-46
735.500000   1.598634e-46
736.500000   1.600704e-46
737.500000   1.603442e-46
738.500000   1.605521e-46
739.500000   1.608235e-46
740.500000   1.610334e-46
741.500000   1.614116e-46
742.500000   1.616894e-46
743.500000   1.622290e-46
744.500000   1.631928e-46
745.500000   1.632004e-46
746.500000   1.653767e-46
747.500000   1.644173e-46
748.500000   1.637006e-46
749.500000   1.642073e-46
750.500000   1.645357e-46
