%freq	 restricted cosi ULs
250.5	 3.8717265210898286e-25
251.5	 3.8850313613706257e-25
252.5	 3.886919723165531e-25
253.5	 3.8922573142756603e-25
254.5	 3.8944990948109494e-25
255.5	 3.9000000000000004e-25
256.5	 3.9125061111104963e-25
257.5	 3.9232350240139604e-25
258.5	 3.9290613336128437e-25
259.5	 3.9343875177655698e-25
260.5	 3.9414567493164796e-25
261.5	 3.951681374746497e-25
262.5	 3.959097608954106e-25
263.5	 3.963994450996611e-25
264.5	 3.9714173294768357e-25
266.5	 3.9846014988195215e-25
267.5	 3.988404286465595e-25
268.5	 3.9981178447370303e-25
269.5	 4.006238816307565e-25
270.5	 4.015588094590437e-25
271.5	 4.0248203940591887e-25
272.5	 4.0340620920097544e-25
273.5	 4.057271627437595e-25
274.5	 4.199655332719344e-25
275.5	 4.190128820419786e-25
276.5	 4.1235352677648467e-25
277.5	 4.0887962140681667e-25
278.5	 4.265962859547327e-25
279.5	 4.352185310282802e-25
280.5	 4.470115118006817e-25
281.5	 4.415736273754952e-25
282.5	 4.187616324775527e-25
283.5	 4.1111298904256524e-25
284.5	 4.1723638855627355e-25
285.5	 4.18511462053843e-25
286.5	 4.195755042669884e-25
287.5	 4.141106011779646e-25
288.5	 4.141281380740893e-25
289.5	 4.149310817708232e-25
290.5	 4.157361862452685e-25
291.5	 4.16545777234105e-25
292.5	 4.176237334909622e-25
293.5	 4.184980985500323e-25
294.5	 4.196780653897754e-25
295.5	 4.206063573758448e-25
296.5	 4.214370204316254e-25
297.5	 4.228644566436269e-25
298.5	 4.278814224484428e-25
299.5	 4.376699869426987e-25
300.5	 4.275822955125851e-25
301.5	 4.311930778062096e-25
302.5	 4.318313713015423e-25
303.5	 4.285385552902169e-25
304.5	 4.281427971432001e-25
305.5	 4.359741695211107e-25
306.5	 4.311006296526741e-25
307.5	 4.311689348404649e-25
308.5	 4.313480834904974e-25
309.5	 4.319598563050008e-25
310.5	 4.329188617679608e-25
311.5	 4.346278055740945e-25
312.5	 4.36235064755768e-25
313.5	 4.382546236818963e-25
314.5	 4.5271306680577245e-25
315.5	 4.4044310330959985e-25
316.5	 4.403237341358635e-25
317.5	 4.410487465788486e-25
318.5	 4.423512366503535e-25
319.5	 4.436613448296293e-25
320.5	 4.449810023429144e-25
321.5	 4.463170064908805e-25
322.5	 4.472481235205397e-25
324.5	 4.493334872245529e-25
325.5	 4.5102034958945935e-25
326.5	 4.517057297053743e-25
327.5	 4.529120226007007e-25
328.5	 4.541336143638316e-25
329.5	 4.757362362931512e-25
330.5	 4.906036384902478e-25
331.5	 4.840778666691737e-25
334.5	 4.5614476794956485e-25
335.5	 4.564250984191021e-25
336.5	 4.5774318825812095e-25
337.5	 4.574746545174282e-25
338.5	 4.58206786539384e-25
339.5	 4.589066398431809e-25
340.5	 4.595994477254415e-25
341.5	 4.604590153971105e-25
342.5	 4.612651129425721e-25
343.5	 4.628935112079811e-25
344.5	 4.645614833677344e-25
345.5	 4.651367038669108e-25
346.5	 4.665415627996911e-25
347.5	 4.675741152138613e-25
348.5	 4.686345370765894e-25
349.5	 4.697917773675552e-25
350.5	 4.713024019842532e-25
351.5	 4.714692307044655e-25
352.5	 4.725047668086e-25
353.5	 4.734392938086304e-25
354.5	 4.754671406322132e-25
355.5	 4.77471966442287e-25
356.5	 4.767853417114099e-25
357.5	 4.777426614965238e-25
358.5	 4.791020085278491e-25
359.5	 4.841438845365008e-25
360.5	 4.800128793299721e-25
361.5	 4.801272934244946e-25
362.5	 4.804671347810878e-25
363.5	 4.808229575903494e-25
364.5	 4.818330472741987e-25
365.5	 4.825723563021906e-25
366.5	 4.834643947320128e-25
367.5	 4.843281979080473e-25
368.5	 4.851593847391171e-25
369.5	 4.857373179454981e-25
370.5	 4.859139011476532e-25
371.5	 4.865115701296063e-25
372.5	 4.877156369723615e-25
373.5	 4.886154840935237e-25
374.5	 4.895350537016711e-25
375.5	 4.908386787399401e-25
376.5	 4.914613286992126e-25
377.5	 4.925851045362519e-25
378.5	 4.931641284234127e-25
379.5	 4.9349262048001705e-25
380.5	 4.946736720932089e-25
381.5	 4.948866004341315e-25
382.5	 4.961740842142017e-25
383.5	 4.972368337289297e-25
384.5	 4.973384281937053e-25
385.5	 4.9855800264640635e-25
386.5	 4.9958578555319725e-25
387.5	 5.0056518841362585e-25
388.5	 5.014977366924486e-25
389.5	 5.022329253784625e-25
390.5	 5.038155541110788e-25
391.5	 5.050404330980134e-25
392.5	 5.06186688926686e-25
393.5	 5.071456594446958e-25
394.5	 5.0844186816005535e-25
395.5	 5.105369972757299e-25
396.5	 5.127322467177821e-25
397.5	 5.148184167281949e-25
398.5	 5.166542865348646e-25
399.5	 5.170747480561108e-25
400.5	 5.181206406767549e-25
401.5	 5.190591354926179e-25
402.5	 5.204440413614062e-25
403.5	 5.211269779497309e-25
404.5	 5.217662689211357e-25
405.5	 5.218878419530179e-25
406.5	 5.228033250553376e-25
407.5	 5.243821388472857e-25
408.5	 5.268802850575329e-25
409.5	 5.286280008343224e-25
410.5	 5.292788711805249e-25
411.5	 5.288744409833851e-25
412.5	 5.2863586069829715e-25
413.5	 5.28805153134159e-25
414.5	 5.301405874105512e-25
415.5	 5.32759731861841e-25
416.5	 5.35421134267264e-25
417.5	 5.421161540138453e-25
418.5	 5.360551672444208e-25
419.5	 5.306978951731279e-25
420.5	 5.372434138894132e-25
421.5	 5.382390311781121e-25
422.5	 5.403486820818055e-25
423.5	 5.413025849519547e-25
424.5	 5.410842058847221e-25
425.5	 5.413027371241261e-25
426.5	 5.418971945496347e-25
427.5	 5.440545811528494e-25
428.5	 5.479547623180106e-25
429.5	 5.45007680666112e-25
430.5	 5.469009497260889e-25
431.5	 5.48127488334218e-25
432.5	 5.498408511971048e-25
433.5	 5.525517544288119e-25
434.5	 5.55223466229942e-25
436.5	 5.591792672345206e-25
437.5	 5.612865139298585e-25
438.5	 5.638170436691682e-25
441.5	 5.693352850415622e-25
442.5	 5.720276965666201e-25
443.5	 5.7513673958653985e-25
447.5	 5.796846037324484e-25
448.5	 5.782138182898037e-25
449.5	 5.753136651045583e-25
450.5	 5.794692314170152e-25
452.5	 5.840793517654077e-25
453.5	 5.820192751702579e-25
459.5	 5.810792528888356e-25
461.5	 5.827546905999739e-25
463.5	 5.85541564042028e-25
477.5	 5.945577668160562e-25
480.5	 5.991556029891179e-25
481.5	 6.003683127979125e-25
482.5	 5.994787337948598e-25
499.5	 6.638495325186834e-25
500.5	 6.443181436226988e-25
501.5	 6.548016965964835e-25
506.5	 6.801598446227291e-25
507.5	 7.8561381836398045e-25
510.5	 9.01876561168419e-25
515.5	 6.592372405292126e-25
516.5	 6.378686451137743e-25
517.5	 6.30727369386302e-25
522.5	 6.403628476064572e-25
523.5	 6.406168010364098e-25
525.5	 6.399072567895616e-25
533.5	 6.466114133382117e-25
534.5	 6.483643154327176e-25
535.5	 6.494401677479588e-25
536.5	 6.502556635708377e-25
537.5	 6.519647978391089e-25
538.5	 6.536765076187738e-25
539.5	 6.590728310418264e-25
540.5	 6.567115081294151e-25
546.5	 6.634392712995214e-25
547.5	 6.650009535455861e-25
549.5	 6.708728040675604e-25
550.5	 6.81305027609817e-25
551.5	 6.792947551180721e-25
552.5	 6.887871360832701e-25
553.5	 7.061246752146772e-25
554.5	 6.862779102784974e-25
555.5	 6.807937844657457e-25
556.5	 6.831352383100044e-25
557.5	 6.898954374443563e-25
559.5	 6.996699156300008e-25
561.5	 7.023877938247821e-25
562.5	 7.017533437571939e-25
563.5	 7.090212339182848e-25
565.5	 7.06666591771749e-25
566.5	 7.0876626589599335e-25
567.5	 7.137891627078964e-25
568.5	 7.194345427144867e-25
569.5	 7.2475410434715e-25
570.5	 7.307005875455712e-25
571.5	 7.335475905902011e-25
572.5	 7.350917123807655e-25
573.5	 7.344333096320036e-25
574.5	 7.318161044124531e-25
576.5	 7.264234634030556e-25
577.5	 7.233426073652665e-25
578.5	 7.208549919610781e-25
579.5	 7.202025206785532e-25
580.5	 7.214325365104191e-25
581.5	 7.265004454286083e-25
582.5	 7.320607174068683e-25
583.5	 7.368019715536753e-25
584.5	 7.417015810536035e-25
585.5	 7.436019690907966e-25
586.5	 7.434445630842093e-25
587.5	 7.423211000761556e-25
588.5	 7.41146219565242e-25
589.5	 7.383018955736788e-25
590.5	 7.354903959572482e-25
591.5	 7.326887003531087e-25
592.5	 7.311262429626209e-25
593.5	 7.290505219438621e-25
594.5	 7.2776960095122245e-25
595.5	 7.265477783869981e-25
596.5	 7.262249390437453e-25
597.5	 7.264542781252282e-25
598.5	 7.40850769932431e-25
599.5	 7.35432482772768e-25
600.5	 7.2647659462973165e-25
601.5	 7.265099645254025e-25
602.5	 7.2763667002518e-25
603.5	 7.304992470634672e-25
604.5	 7.309820186948618e-25
605.5	 7.316698903222577e-25
606.5	 7.356821296442126e-25
607.5	 7.325980785262017e-25
608.5	 7.328892322294321e-25
609.5	 7.345355567911094e-25
610.5	 7.370599997318624e-25
611.5	 7.379774575780672e-25
612.5	 7.382174860379217e-25
613.5	 7.390082527317995e-25
614.5	 7.401576348037164e-25
615.5	 7.409005445011524e-25
616.5	 7.419451410411913e-25
617.5	 7.437253739878948e-25
618.5	 7.45349761510965e-25
619.5	 7.678082067581479e-25
620.5	 7.6277091861033925e-25
621.5	 7.479941774591202e-25
622.5	 7.467260638367211e-25
623.5	 7.468098056682007e-25
624.5	 7.470563048551016e-25
625.5	 7.477880293133628e-25
626.5	 7.486160877164616e-25
627.5	 7.4981044143866705e-25
628.5	 7.509653292366813e-25
629.5	 7.58414657184993e-25
630.5	 7.534391485781694e-25
631.5	 7.537829200555283e-25
632.5	 7.551408342250446e-25
633.5	 7.567577478566111e-25
634.5	 7.578448249128586e-25
635.5	 7.598324240765417e-25
636.5	 7.620948234961668e-25
637.5	 7.639115124069894e-25
638.5	 7.655967640241518e-25
639.5	 7.671674976710267e-25
640.5	 7.698923632650783e-25
641.5	 7.723220457881114e-25
642.5	 7.742956273725071e-25
643.5	 7.7554340539735645e-25
644.5	 7.763202232487241e-25
645.5	 7.779261035623241e-25
646.5	 7.792598644700209e-25
647.5	 7.809768176199577e-25
648.5	 7.820481491914122e-25
649.5	 7.82755803061804e-25
650.5	 7.844517967836776e-25
651.5	 7.8619264743918405e-25
652.5	 7.880496900708979e-25
653.5	 7.8861175207260165e-25
654.5	 7.895196717472275e-25
655.5	 7.8982423254854e-25
656.5	 7.906150993006079e-25
657.5	 7.916542992390201e-25
658.5	 7.924043830062891e-25
659.5	 7.955186628203421e-25
660.5	 7.930475891937824e-25
661.5	 7.951961427843136e-25
662.5	 7.975862978270676e-25
663.5	 7.99052334413354e-25
664.5	 8.009959017959338e-25
665.5	 8.035972662301847e-25
667.5	 8.084798515302359e-25
668.5	 8.090611945960119e-25
669.5	 8.1204850960617075e-25
670.5	 8.13956668634601e-25
671.5	 8.166704875526229e-25
672.5	 8.20525241540821e-25
673.5	 8.226743890853817e-25
674.5	 8.248770795748489e-25
675.5	 8.28019964910301e-25
676.5	 8.32193631308503e-25
677.5	 8.346869611691162e-25
678.5	 8.375951220072977e-25
679.5	 8.403747708785374e-25
680.5	 8.4389681080012e-25
681.5	 8.471648582713525e-25
682.5	 8.506846458900381e-25
683.5	 8.544194629388164e-25
685.5	 8.625358174952775e-25
686.5	 8.682199144155264e-25
687.5	 8.68737608497541e-25
688.5	 8.7299972133376e-25
689.5	 8.716979739787284e-25
690.5	 8.792579094373217e-25
691.5	 8.846231703932465e-25
692.5	 8.913790314537375e-25
693.5	 9.133116920442423e-25
694.5	 9.040970725046752e-25
695.5	 8.950582794143892e-25
696.5	 8.935587454444e-25
697.5	 8.927226045219604e-25
698.5	 8.9101653288737e-25
699.5	 8.895106478307632e-25
700.5	 8.88976349850671e-25
701.5	 8.899786006816688e-25
702.5	 8.891469872851633e-25
703.5	 8.887515873223678e-25
704.5	 8.887349036740229e-25
705.5	 8.8919174448021e-25
706.5	 8.873002440383339e-25
707.5	 8.859325599638155e-25
708.5	 8.839532967109322e-25
709.5	 8.819824498872137e-25
710.5	 8.793781023756084e-25
711.5	 8.773411297037755e-25
712.5	 8.755723040400194e-25
713.5	 8.738084057994082e-25
714.5	 8.729299405790192e-25
715.5	 8.716291982424078e-25
716.5	 8.716285756347564e-25
717.5	 8.707818641868015e-25
718.5	 8.700949607457381e-25
719.5	 8.713015705870377e-25
720.5	 8.67736409581253e-25
721.5	 8.674376941832383e-25
722.5	 8.680828120130142e-25
723.5	 8.694715180034042e-25
724.5	 8.703231222215913e-25
725.5	 8.70562693954712e-25
726.5	 8.717493496843119e-25
727.5	 8.725747215110772e-25
728.5	 8.73810511862972e-25
729.5	 8.745936531371484e-25
730.5	 8.761393146935273e-25
731.5	 8.766016996191696e-25
732.5	 8.758858366727782e-25
733.5	 8.75358643403938e-25
734.5	 8.765765325798903e-25
735.5	 8.765830742220001e-25
736.5	 8.774484105927173e-25
737.5	 8.784964735221546e-25
738.5	 8.793636490352594e-25
739.5	 8.804043668967453e-25
740.5	 8.812763910132629e-25
741.5	 8.826083845695915e-25
742.5	 8.836652524264903e-25
743.5	 8.854364118429257e-25
744.5	 8.883611573566153e-25
745.5	 8.886800076902838e-25
746.5	 8.948855646084591e-25
747.5	 8.925847119399128e-25
748.5	 8.909349080183653e-25
749.5	 8.926105758125802e-25
750.5	 8.938005848088995e-25
