0.01487059734843087 2.6253837573901084e-22
0.019943070174714424 1.5510606826544628e-22
0.026745801710215202 8.455921090300254e-23
0.035868996240564735 4.718744180792656e-23
0.04810418118123763 2.6606985288993376e-23
0.06451287991439215 1.50025438770403e-23
0.086518709447903 8.591910175811679e-24
0.11603089327997473 5.3323471243848305e-24
0.15560990543271677 3.6709996314017165e-24
0.20868961691392987 2.998898164148885e-24
0.279875218011194 2.752998618248767e-24
0.3753427641257264 2.6206758300455002e-24
0.5033750097013088 2.5802258206425228e-24
0.6750800191446273 2.5802258206425228e-24
0.8920337812311148 2.6131375387652717e-24
1.2141782813099764 2.6548681574828353e-24
1.6283436435950631 2.7316697930963045e-24
2.183783932270425 2.7316697930963045e-24
2.9286890894317965 2.8547562223449824e-24
3.927687009602332 3.014488146352006e-24
5.26745064918854 3.30938350996541e-24
7.064217763229045 3.767416638563353e-24
9.473875681020086 4.50539522582992e-24
12.70548607470974 5.601587230725652e-24
17.039423128387664 7.092034338597109e-24
22.851698773347827 9.214883874244799e-24
30.646585444423913 1.2035406564532522e-23
41.1003667043692 1.604867244367658e-23
55.12001153593335 2.1400181690864714e-23
73.9218628771616 2.8462292469629655e-23
99.1371674091093 3.824952248215409e-23
132.95360234946472 5.153568932212656e-23
178.30507810207303 6.889891263631855e-23
229.74491860191756 8.703359134131077e-23