0.31075047940851347 1.0873960493335604e-21
0.34476908195913075 1.0873960493335604e-21
0.38251178276922654 1.0873960493335604e-21
0.42438626783429406 1.0873960493335604e-21
0.4708448535165266 1.0873960493335604e-21
0.5223893723384151 1.0873960493335604e-21
0.5795765936359412 1.0873960493335604e-21
0.6211385846604717 1.0873960493335604e-21
0.7134176478342892 1.0873960493335604e-21
0.7915171940054384 1.0873960493335604e-21
0.8781664853793495 1.0873960493335604e-21
0.9743014831314248 1.0873960493335604e-21
1.0809606103585567 1.0873960493335604e-21
1.199295968832197 1.0873960493335604e-21
1.3305857836763053 1.0873960493335604e-21
1.4762482103941763 1.0873960493335604e-21
1.637856653383712 1.0873960493335604e-21
1.8171567614073527 1.0873960493335604e-21
2.0160852835970844 1.0873960493335604e-21
2.23679098967156 1.0873960493335604e-21
2.4816578803398457 1.0873960493335604e-21
2.7533309386037716 1.0873960493335604e-21
3.0547447001173884 1.0873960493335604e-21
3.3309798657899123 1.0873960493335604e-21
