0.03106914322383882 1.5492802121181715e-21
0.034173233455745994 1.2999208302051425e-21
0.037263458575000845 1.0873960493335604e-21
0.04063312729153901 9.34766909712233e-22
0.04369802434342099 7.995862587935922e-22
0.04683165140064452 6.924864544519348e-22
0.050890026433243994 6.072132116648863e-22
0.05597440332818591 5.397510647440122e-22
0.062102055917665315 5.487469670956291e-22
0.06890051737735642 5.544453859744014e-22
0.07644322276804043 5.476143306624737e-22
0.0848116462632644 5.431071148106808e-22
0.09409618121035532 5.331010511065854e-22
0.10439711653383071 5.342036695722239e-22
0.11582572002803868 5.2436164061894e-22
0.12850544024045119 5.254461832706921e-22
0.14257323992801083 5.211214254367635e-22
0.15818107549015292 5.115204203342858e-22
0.17549753835891913 5.1470093863781045e-22
0.1947096760759956 5.020963016434591e-22
0.21602501272743613 5.083595555730801e-22
0.23967379056023183 4.877804930377159e-22
0.2659114569940471 4.908134018416203e-22
0.2950214238921005 4.9591021425738955e-22
0.32731812889608325 4.6803449798419555e-22
0.36315043189275875 4.651423480466817e-22
0.40290538329994335 4.7583511741058e-22
0.44701240487582045 4.827672353922617e-22
0.4959479282114911 4.481609108592171e-22
0.5502405410104894 4.1346445168305057e-22
0.6104766967438653 4.1346445168305057e-22
0.6773070493549808 4.229692410031015e-22
0.7514534814396392 4.344842639532112e-22
0.8337169018180455 4.481609108592171e-22
0.9249858967256822 4.584633081314845e-22
1.0262463280708936 4.2384407269694095e-22
1.1385919824368225 3.8382597593563376e-22
1.2632363858551638 3.5047086803519896e-22
1.4015259119716905 3.206762628786981e-22
1.5549543251941165 2.928089687922216e-22
1.7251789159134283 2.8153678069164354e-22
1.9140384020866241 2.86229087113849e-22
2.1235727905488404 2.9584962004988707e-22
2.3560454125911097 3.070597716228602e-22
2.613967371825732 3.240062998172779e-22
2.90012466841843 3.433038253700607e-22
3.2120421139816107 3.716516315559189e-22
3.4186223994045952 3.886139011687062e-22